80
0 966 0 604 595 494 0 250 637 345 0 239 353 0 0 85 0 0 0 899 676 436 0 386 668 522 300 118 0 0 461 0 996 0 0 962 383 116 0 0 829 795 0 0 0 393 460 288 900 170 0 413 0 0 0 332 794 665 357 0 643 60 0 326 211 818 556 534 0 312 950 899 0 0 0 0 872 769 0 332
966 0 0 0 481 0 550 0 0 0 663 0 0 724 416 998 0 0 0 0 509 551 156 0 298 0 0 0 0 887 727 0 1000 0 351 0 0 0 885 0 0 943 564 0 704 0 889 0 332 802 853 694 0 0 0 0 0 0 0 0 523 998 440 0 855 540 0 559 0 656 82 67 926 759 651 632 0 453 0 0
0 0 0 0 0 0 0 0 0 0 0 0 0 0 0 0 0 117 505 0 0 0 0 0 0 0 0 0 132 0 0 0 0 277 0 0 0 0 0 542 0 0 0 0 0 0 0 0 0 0 0 0 0 0 138 0 0 0 0 788 0 0 0 0 0 0 0 0 219 0 0 0 0 0 923 0 0 0 148 0
604 0 0 0 0 729 0 466 765 299 0 369 843 0 0 605 0 0 0 0 0 990 0 302 0 98 408 490 0 0 0 0 0 0 0 0 225 551 0 0 0 0 0 0 0 239 956 521 0 721 0 977 0 0 0 272 0 863 255 0 0 593 0 558 777 0 50 0 0 868 0 0 0 0 0 0 0 0 0 276
595 481 0 0 0 927 686 826 0 934 888 832 724 0 748 627 0 0 0 0 111 170 433 935 212 0 889 696 0 0 433 0 908 0 531 0 932 692 0 0 858 732 775 0 0 982 518 699 585 431 938 384 0 0 0 881 0 0 950 0 78 627 876 866 484 622 0 316 0 285 399 437 994 969 0 870 943 515 0 925
494 0 0 729 927 0 0 290 214 430 0 491 240 0 0 416 760 0 0 413 0 768 0 715 1000 636 321 563 0 0 615 0 808 0 0 476 681 386 0 0 569 663 0 0 0 490 841 746 0 556 971 633 670 554 0 644 308 185 521 0 975 441 0 197 448 914 687 754 0 654 0 0 994 0 0 0 565 938 0 530
0 550 0 0 686 0 0 0 0 0 428 0 0 0 944 0 0 0 0 0 646 854 394 0 658 0 0 0 0 0 0 0 0 0 278 0 0 0 0 0 0 0 0 0 0 0 949 0 826 0 0 0 0 0 0 0 0 0 0 0 663 0 990 0 0 0 0 951 0 969 489 561 0 0 903 0 0 936 0 0
250 0 0 466 826 290 0 0 390 168 0 201 378 0 0 203 0 0 0 703 907 667 0 425 899 373 73 273 0 0 620 0 0 0 0 766 391 134 0 0 771 834 0 0 0 228 695 456 0 405 0 579 958 841 0 354 598 451 231 0 874 206 0 93 377 984 424 700 0 545 0 0 0 0 0 0 814 935 0 240
637 0 0 765 0 214 0 390 0 466 0 567 452 0 0 589 718 0 0 386 0 982 0 791 0 672 357 663 0 0 827 0 889 0 0 449 746 524 0 0 656 747 0 0 0 526 0 846 0 768 0 822 628 531 0 720 344 157 568 0 0 589 0 350 660 0 723 949 0 866 0 0 0 0 0 0 633 0 0 605
345 0 0 299 934 430 0 168 466 0 0 172 544 0 0 327 0 0 0 828 0 775 0 358 0 206 109 305 0 0 751 0 0 0 0 891 283 267 0 0 937 1000 0 0 0 60 796 478 0 506 0 703 0 973 0 287 731 564 105 0 982 317 0 259 501 0 257 824 0 652 0 0 0 0 0 0 980 0 0 147
0 663 0 0 888 0 428 0 0 0 0 0 0 0 0 0 0 0 0 0 848 0 534 0 857 0 0 0 0 0 0 0 0 0 357 0 0 0 0 888 0 0 0 0 922 0 0 0 995 0 0 0 0 0 0 0 0 0 0 0 865 0 662 0 0 0 0 0 842 0 647 730 0 0 502 0 0 0 0 0
239 0 0 369 832 491 0 201 567 172 0 0 504 0 0 255 0 0 0 904 913 673 0 234 905 285 210 172 0 0 677 0 0 0 0 967 207 210 0 0 972 997 0 0 0 182 697 306 0 407 0 629 0 0 0 163 799 652 124 0 880 238 0 294 427 0 322 750 0 549 0 0 0 0 0 0 0 985 0 93
353 0 0 843 724 240 0 378 452 544 0 504 0 0 0 269 965 0 0 605 805 565 0 738 795 750 435 465 0 0 375 0 800 0 0 655 711 294 0 0 561 624 960 0 0 604 643 640 852 358 904 415 869 688 0 667 500 416 609 0 772 294 0 285 250 763 801 536 0 451 0 0 958 0 0 0 604 720 0 597
0 724 0 0 0 0 0 0 0 0 0 0 0 0 308 0 0 0 0 0 0 0 880 0 833 0 0 0 0 204 854 411 511 0 0 0 0 0 238 0 707 662 269 858 463 0 0 0 479 0 277 871 0 0 0 0 0 0 0 0 0 0 651 0 0 468 0 801 0 0 779 691 325 117 0 180 767 567 0 0
0 416 0 0 748 0 944 0 0 0 0 0 0 308 0 0 0 0 0 0 841 757 572 0 537 0 0 0 0 471 627 694 705 0 767 0 0 0 469 0 807 681 190 0 449 0 0 0 171 929 465 641 0 0 0 0 0 0 0 0 809 0 485 0 843 278 0 535 0 792 471 383 528 343 912 216 892 294 0 0
85 998 0 605 627 416 0 203 589 327 0 255 269 0 0 0 0 0 0 820 708 468 0 471 700 512 268 198 0 0 424 0 945 0 0 883 462 69 0 0 778 744 978 0 0 375 496 373 863 206 0 376 0 919 0 417 715 592 371 0 675 25 0 248 174 781 563 497 0 354 982 931 0 0 0 0 821 732 0 346
0 0 0 0 0 760 0 0 718 0 0 0 965 0 0 0 0 0 0 360 0 0 0 0 0 0 0 0 0 0 0 0 921 0 0 386 0 0 0 0 773 869 0 0 0 0 0 0 0 0 0 0 217 431 0 0 465 597 0 0 0 0 0 957 0 0 0 0 0 0 0 0 0 0 0 0 688 0 0 0
0 0 117 0 0 0 0 0 0 0 0 0 0 0 0 0 0 0 622 0 0 0 0 0 0 0 0 0 238 0 0 0 0 246 0 0 0 0 0 648 0 0 0 0 0 0 0 0 0 0 0 0 0 0 183 0 0 0 0 905 0 0 0 0 0 0 0 0 167 0 0 0 0 0 871 0 0 0 153 0
0 0 505 0 0 0 0 0 0 0 0 0 0 0 0 0 0 622 0 0 0 0 0 0 0 0 0 0 500 0 0 0 0 710 0 0 0 0 0 645 0 0 0 0 0 0 0 0 0 0 0 0 0 0 535 0 0 0 0 283 0 0 0 0 0 0 0 0 660 0 0 0 0 0 0 0 0 0 565 0
899 0 0 0 0 413 0 703 386 828 0 904 605 0 0 820 360 0 0 0 0 1000 0 0 0 0 719 976 0 0 722 0 586 0 0 63 0 799 871 0 415 511 0 0 0 888 0 0 0 923 826 780 264 145 0 0 105 265 930 0 0 845 0 610 799 914 0 883 0 922 0 0 772 986 0 0 330 996 0 943
676 509 0 0 111 0 646 907 0 0 848 913 805 0 841 708 0 0 0 0 0 244 393 0 305 0 970 777 0 0 518 0 1000 0 491 0 0 773 0 0 950 824 869 0 0 0 435 780 679 512 0 465 0 0 0 962 0 0 0 0 33 708 922 944 565 728 0 408 0 366 427 458 0 0 0 964 0 626 0 0
436 551 0 990 170 768 854 667 982 775 0 673 565 0 757 468 0 0 0 1000 244 0 601 776 253 958 730 537 0 0 278 0 800 0 699 990 773 533 980 0 750 624 754 0 0 823 359 540 603 272 844 225 0 0 0 722 927 889 791 0 211 468 909 707 325 557 944 222 0 126 535 484 900 933 0 849 816 479 0 766
0 156 0 0 433 0 394 0 0 0 534 0 0 880 572 0 0 0 0 0 393 601 0 0 373 0 0 0 0 0 836 0 0 0 195 0 0 0 0 0 0 0 702 0 860 0 828 0 470 862 991 797 0 0 0 0 0 0 0 0 410 0 596 0 915 678 0 683 0 716 117 205 0 914 618 787 0 582 0 0
386 0 0 302 935 715 0 425 791 358 0 234 738 0 0 471 0 0 0 0 0 776 0 0 0 278 434 291 0 0 811 0 0 0 0 0 83 444 0 0 0 0 0 0 0 322 673 238 0 507 0 763 0 0 0 71 0 876 253 0 983 446 0 518 568 0 258 883 0 650 0 0 0 0 0 0 0 0 0 211
668 298 0 0 212 1000 658 899 0 0 857 905 795 833 537 700 0 0 0 0 305 253 373 0 0 0 962 769 0 921 463 0 890 0 500 0 0 765 884 0 861 735 564 0 901 0 591 772 374 504 802 429 0 0 0 954 0 0 0 0 272 700 664 939 557 454 0 310 0 358 289 231 875 758 924 659 946 339 0 998
522 0 0 98 0 636 0 373 672 206 0 285 750 0 0 512 0 0 0 0 0 958 0 278 0 0 315 428 0 0 934 0 0 0 0 0 201 458 0 0 0 0 0 0 0 146 932 497 0 686 0 886 0 0 0 248 937 770 167 0 0 500 0 465 684 0 56 0 0 834 0 0 0 0 0 0 0 0 0 192
300 0 0 408 889 321 0 73 357 109 0 210 435 0 0 268 0 0 0 719 970 730 0 434 962 315 0 326 0 0 692 0 0 0 0 782 389 207 0 0 828 891 0 0 0 169 751 509 0 461 0 644 961 864 0 363 622 455 211 0 937 272 0 150 442 0 366 765 0 607 0 0 0 0 0 0 871 1000 0 248
118 0 0 490 696 563 0 273 663 305 0 172 465 0 0 198 0 0 0 976 777 537 0 291 769 428 326 0 0 0 572 0 0 0 0 0 282 189 0 0 943 909 0 0 0 354 558 195 0 268 0 524 0 0 0 231 871 724 290 0 744 173 0 366 325 929 450 644 0 413 0 1000 0 0 0 0 986 880 0 248
0 0 132 0 0 0 0 0 0 0 0 0 0 0 0 0 0 238 500 0 0 0 0 0 0 0 0 0 0 0 0 0 0 409 0 0 0 0 0 418 0 0 0 0 0 0 0 0 0 0 0 0 0 0 270 0 0 0 0 783 0 0 0 0 0 0 0 0 160 0 0 0 0 0 864 0 0 0 280 0
0 887 0 0 0 0 0 0 0 0 0 0 0 204 471 0 0 0 0 0 0 0 0 0 921 0 0 0 0 0 892 223 419 0 0 961 0 0 134 0 658 620 380 962 667 0 0 0 612 0 270 941 0 899 0 0 998 0 0 0 0 0 855 0 0 539 0 874 0 0 942 854 233 163 0 290 675 640 0 0
461 727 0 0 433 615 0 620 827 751 0 677 375 854 627 424 0 0 0 722 518 278 836 811 463 934 692 572 0 892 0 0 556 0 943 712 808 493 758 0 483 380 585 0 0 799 501 626 477 339 622 58 945 738 0 757 656 674 792 0 485 439 959 608 250 388 979 168 0 246 748 660 674 764 0 680 538 345 0 770
0 0 0 0 0 0 0 0 0 0 0 0 0 411 694 0 0 0 0 0 0 0 0 0 0 0 0 0 0 223 0 0 530 0 0 975 0 0 326 0 750 744 603 0 857 0 0 0 835 0 418 0 0 899 0 0 0 0 0 0 0 0 0 0 0 762 0 0 0 0 0 0 357 386 0 513 767 863 0 0
996 1000 0 0 908 808 0 0 889 0 0 0 800 511 705 945 921 0 0 586 1000 800 0 0 890 0 0 0 0 419 556 530 0 0 0 542 0 0 285 0 239 230 522 0 974 0 0 0 701 895 240 614 741 496 0 0 579 732 0 0 967 960 0 917 796 460 0 614 0 802 0 933 186 400 0 489 256 575 0 0
0 0 277 0 0 0 0 0 0 0 0 0 0 0 0 0 0 246 710 0 0 0 0 0 0 0 0 0 409 0 0 0 0 0 0 0 0 0 0 819 0 0 0 0 0 0 0 0 0 0 0 0 0 0 175 0 0 0 0 993 0 0 0 0 0 0 0 0 413 0 0 0 0 0 0 0 0 0 145 0
0 351 0 0 531 0 278 0 0 0 357 0 0 0 767 0 0 0 0 0 491 699 195 0 500 0 0 0 0 0 943 0 0 0 0 0 0 0 0 0 0 0 891 0 0 0 852 0 659 960 0 904 0 0 0 0 0 0 0 0 508 0 727 0 0 867 0 793 0 814 312 394 0 0 676 976 0 768 0 0
962 0 0 0 0 476 0 766 449 891 0 967 655 0 0 883 386 0 0 63 0 990 0 0 0 0 782 0 0 961 712 975 542 0 0 0 0 862 827 0 387 483 0 0 0 951 0 0 0 913 782 770 233 82 0 0 168 328 993 0 0 908 0 673 786 886 0 873 0 912 0 0 728 942 0 0 302 982 0 0
383 0 0 225 932 681 0 391 746 283 0 207 711 0 0 462 0 0 0 0 0 773 0 83 0 201 389 282 0 0 808 0 0 0 0 0 0 417 0 0 0 0 0 0 0 247 731 296 0 504 0 760 0 0 0 51 989 842 178 0 980 443 0 484 565 0 181 880 0 649 0 0 0 0 0 0 0 0 0 154
116 0 0 551 692 386 0 134 524 267 0 210 294 0 0 69 0 0 0 799 773 533 0 444 765 458 207 189 0 0 493 0 0 0 0 862 417 0 0 0 820 813 0 0 0 315 561 373 932 271 0 445 0 919 0 373 694 557 316 0 740 72 0 210 243 850 509 566 0 411 0 996 0 0 0 0 863 801 0 303
0 885 0 0 0 0 0 0 0 0 0 0 0 238 469 0 0 0 0 871 0 980 0 0 884 0 0 0 0 134 758 326 285 0 0 827 0 0 0 0 524 486 343 0 701 0 0 0 575 0 136 807 0 781 0 0 864 0 0 0 0 0 889 0 0 471 0 758 0 995 923 835 99 135 0 253 541 586 0 0
0 0 542 0 0 0 0 0 0 0 888 0 0 0 0 0 0 648 645 0 0 0 0 0 0 0 0 0 418 0 0 0 0 819 0 0 0 0 0 0 0 0 0 0 882 0 0 0 0 0 0 0 0 0 680 0 0 0 0 637 0 0 761 0 0 0 0 0 538 0 0 0 0 0 660 0 0 0 690 0
829 0 0 0 858 569 0 771 656 937 0 972 561 707 807 778 773 0 0 415 950 750 0 0 861 0 828 943 0 658 483 750 239 0 0 387 0 820 524 0 0 126 661 0 0 997 952 0 773 766 431 541 589 344 0 0 388 499 0 0 917 793 0 678 639 529 0 564 0 705 0 0 425 591 0 679 85 625 0 0
795 943 0 0 732 663 0 834 747 1000 0 997 624 662 681 744 869 0 0 511 824 624 0 0 735 0 891 909 0 620 380 744 230 0 0 483 0 813 486 0 126 0 535 0 0 0 881 0 647 719 385 438 707 462 0 0 479 590 0 0 791 759 0 741 600 403 0 438 0 626 964 876 387 545 0 554 211 499 0 0
0 564 0 0 775 0 0 0 0 0 0 0 960 269 190 978 0 0 0 0 869 754 702 0 564 0 0 0 0 380 585 603 522 0 891 0 0 0 343 0 661 535 0 0 561 0 0 0 232 893 314 602 0 997 0 0 0 0 0 0 836 993 675 0 804 199 0 532 0 788 585 497 386 217 0 95 746 298 0 0
0 0 0 0 0 0 0 0 0 0 0 0 0 858 0 0 0 0 0 0 0 0 0 0 0 0 0 0 0 962 0 0 0 0 0 0 0 0 0 0 0 0 0 0 707 0 0 0 0 0 0 0 0 0 0 0 0 0 0 848 0 0 977 0 0 0 0 0 0 0 0 0 0 975 0 0 0 0 0 0
0 704 0 0 0 0 0 0 0 0 922 0 0 463 449 0 0 0 0 0 0 0 860 0 901 0 0 0 0 667 0 857 974 0 0 0 0 0 701 882 0 0 561 707 0 0 0 0 586 0 740 0 0 0 0 0 0 0 0 0 0 0 278 0 0 727 0 950 0 0 786 703 788 580 661 549 0 726 0 0
393 0 0 239 982 490 0 228 526 60 0 182 604 0 0 375 0 0 0 888 0 823 0 322 0 146 169 354 0 0 799 0 0 0 0 951 247 315 0 0 997 0 0 0 0 0 844 460 0 554 0 751 0 0 0 251 791 624 69 0 0 365 0 319 549 0 197 872 0 700 0 0 0 0 0 0 0 0 0 111
460 889 0 956 518 841 949 695 0 796 0 697 643 0 0 496 0 0 0 0 435 359 828 673 591 932 751 558 0 0 501 0 0 0 852 0 731 561 0 0 952 881 0 0 0 844 0 435 870 290 0 443 0 0 0 684 0 0 815 0 462 496 0 744 412 824 910 489 0 260 862 822 0 0 0 0 0 746 0 784
288 0 0 521 699 746 0 456 846 478 0 306 640 0 0 373 0 0 0 0 780 540 0 238 772 497 509 195 0 0 626 0 0 0 0 0 296 373 0 0 0 0 0 0 0 460 435 0 0 287 0 578 0 0 0 249 0 907 391 0 747 348 0 549 414 983 475 670 0 414 0 0 0 0 0 0 0 927 0 349
900 332 0 0 585 0 826 0 0 0 995 0 852 479 171 863 0 0 0 0 679 603 470 0 374 0 0 0 0 612 477 835 701 0 659 0 0 932 575 0 773 647 232 0 586 0 870 0 0 775 534 487 0 0 0 0 0 0 0 0 646 878 488 0 689 244 0 381 0 638 353 265 607 449 915 327 858 157 0 0
170 802 0 721 431 556 0 405 768 506 0 407 358 0 929 206 0 0 0 923 512 272 862 507 504 686 461 268 0 0 339 0 895 0 960 913 504 271 0 0 766 719 893 0 0 554 290 287 775 0 957 291 0 939 0 453 821 732 525 0 479 206 0 454 127 696 677 394 0 148 786 735 0 0 0 988 809 647 0 500
0 853 0 0 938 971 0 0 0 0 0 0 904 277 465 0 0 0 0 826 0 844 991 0 802 0 0 0 0 270 622 418 240 0 0 782 0 0 136 0 431 385 314 0 740 0 0 0 534 957 0 671 981 736 0 0 819 929 0 0 997 0 927 0 868 374 0 622 0 859 874 786 73 160 0 249 496 489 0 0
413 694 0 977 384 633 0 579 822 703 0 629 415 871 641 376 0 0 0 780 465 225 797 763 429 886 644 524 0 941 58 0 614 0 904 770 760 445 807 0 541 438 602 0 0 751 443 578 487 291 671 0 0 796 0 709 714 715 744 0 432 391 952 595 202 405 937 143 0 188 715 627 727 781 0 697 596 356 0 722
0 0 0 0 0 670 0 958 628 0 0 0 869 0 0 0 217 0 0 264 0 0 0 0 0 0 961 0 0 0 945 0 741 0 0 233 0 0 0 0 589 707 0 0 0 0 0 0 0 0 981 0 0 245 0 0 369 507 0 0 0 0 0 867 0 0 0 0 0 0 0 0 927 0 0 0 504 0 0 0
0 0 0 0 0 554 0 841 531 973 0 0 688 0 0 919 431 0 0 145 0 0 0 0 0 0 864 0 0 899 738 899 496 0 0 82 0 919 781 0 344 462 997 0 0 0 0 0 0 939 736 796 245 0 0 0 250 410 0 0 0 944 0 748 812 865 0 885 0 938 0 0 682 896 0 985 259 961 0 0
0 0 138 0 0 0 0 0 0 0 0 0 0 0 0 0 0 183 535 0 0 0 0 0 0 0 0 0 270 0 0 0 0 175 0 0 0 0 0 680 0 0 0 0 0 0 0 0 0 0 0 0 0 0 0 0 0 0 0 818 0 0 0 0 0 0 0 0 325 0 0 0 0 0 0 0 0 0 30 0
332 0 0 272 881 644 0 354 720 287 0 163 667 0 0 417 0 0 0 0 962 722 0 71 954 248 363 231 0 0 757 0 0 0 0 0 51 373 0 0 0 0 0 0 0 251 684 249 0 453 0 709 0 0 0 0 952 805 182 0 929 392 0 447 514 0 228 829 0 598 0 0 0 0 0 0 0 0 0 140
794 0 0 0 0 308 0 598 344 731 0 799 500 0 0 715 465 0 0 105 0 927 0 0 0 937 622 871 0 998 656 0 579 0 0 168 989 694 864 0 388 479 0 0 0 791 0 0 0 821 819 714 369 250 0 952 0 187 829 0 0 740 0 505 694 880 988 821 0 831 0 0 765 979 0 0 323 934 0 838
665 0 0 863 0 185 0 451 157 564 0 652 416 0 0 592 597 0 0 265 0 889 0 876 0 770 455 724 0 0 674 0 732 0 0 328 842 557 0 0 499 590 0 0 0 624 0 907 0 732 929 715 507 410 0 805 187 0 666 0 0 614 0 367 624 972 821 842 0 803 0 0 918 0 0 0 476 999 0 691
357 0 0 255 950 521 0 231 568 105 0 124 609 0 0 371 0 0 0 930 0 791 0 253 0 167 211 290 0 0 792 0 0 0 0 993 178 316 0 0 0 0 0 0 0 69 815 391 0 525 0 744 0 0 0 182 829 666 0 0 998 356 0 324 542 0 208 865 0 667 0 0 0 0 0 0 0 0 0 42
0 0 788 0 0 0 0 0 0 0 0 0 0 0 0 0 0 905 283 0 0 0 0 0 0 0 0 0 783 0 0 0 0 993 0 0 0 0 0 637 0 0 0 848 0 0 0 0 0 0 0 0 0 0 818 0 0 0 0 0 0 0 0 0 0 0 0 0 914 0 0 0 0 0 0 0 0 0 848 0
643 523 0 0 78 975 663 874 0 982 865 880 772 0 809 675 0 0 0 0 33 211 410 983 272 0 937 744 0 0 485 0 967 0 508 0 980 740 0 0 917 791 836 0 0 0 462 747 646 479 997 432 0 0 0 929 0 0 998 0 0 675 933 914 532 695 0 375 0 333 441 475 0 0 0 931 0 593 0 973
60 998 0 593 627 441 0 206 589 317 0 238 294 0 0 25 0 0 0 845 708 468 0 446 700 500 272 173 0 0 439 0 960 0 0 908 443 72 0 0 793 759 993 0 0 365 496 348 878 206 0 391 0 944 0 392 740 614 356 0 675 0 0 266 189 796 551 512 0 346 982 931 0 0 0 0 836 747 0 331
0 440 0 0 876 0 990 0 0 0 662 0 0 651 485 0 0 0 0 0 922 909 596 0 664 0 0 0 0 855 959 0 0 0 727 0 0 0 889 761 0 0 675 977 278 0 0 0 488 0 927 952 0 0 0 0 0 0 0 0 933 0 0 0 0 726 0 809 0 983 522 464 976 768 470 678 0 639 0 0
326 0 0 558 866 197 0 93 350 259 0 294 285 0 0 248 957 0 0 610 944 707 0 518 939 465 150 366 0 0 608 0 917 0 0 673 484 210 0 0 678 741 0 0 0 319 744 549 0 454 0 595 867 748 0 447 505 367 324 0 914 266 0 0 401 996 516 716 0 593 0 0 0 0 0 0 721 951 0 333
211 855 0 777 484 448 0 377 660 501 0 427 250 0 843 174 0 0 0 799 565 325 915 568 557 684 442 325 0 0 250 0 796 0 0 786 565 243 0 0 639 600 804 0 0 549 412 414 689 127 868 202 0 812 0 514 694 624 542 0 532 189 0 401 0 607 735 323 0 211 839 788 922 983 0 899 682 558 0 520
818 540 0 0 622 914 0 984 0 0 0 0 763 468 278 781 0 0 0 914 728 557 678 0 454 0 0 929 0 539 388 762 460 0 867 886 0 850 471 0 529 403 199 0 727 0 824 983 244 696 374 405 0 865 0 0 880 972 0 0 695 796 726 996 607 0 0 335 0 591 561 473 434 376 0 292 614 115 0 0
556 0 0 50 0 687 0 424 723 257 0 322 801 0 0 563 0 0 0 0 0 944 0 258 0 56 366 450 0 0 979 0 0 0 0 0 181 509 0 0 0 0 0 0 0 197 910 475 0 677 0 937 0 0 0 228 988 821 208 0 0 551 0 516 735 0 0 0 0 824 0 0 0 0 0 0 0 0 0 229
534 559 0 0 316 754 951 700 949 824 0 750 536 801 535 497 0 0 0 883 408 222 683 883 310 0 765 644 0 874 168 0 614 0 793 873 880 566 758 0 564 438 532 0 950 872 489 670 381 394 622 143 0 885 0 829 821 842 865 0 375 512 809 716 323 335 0 0 0 257 580 492 678 711 0 627 649 257 0 843
0 0 219 0 0 0 0 0 0 0 842 0 0 0 0 0 0 167 660 0 0 0 0 0 0 0 0 0 160 0 0 0 0 413 0 0 0 0 0 538 0 0 0 0 0 0 0 0 0 0 0 0 0 0 325 0 0 0 0 914 0 0 0 0 0 0 0 0 0 0 0 0 0 0 704 0 0 0 295 0
312 656 0 868 285 654 969 545 866 652 0 549 451 0 792 354 0 0 0 922 366 126 716 650 358 834 607 413 0 0 246 0 802 0 814 912 649 411 995 0 705 626 788 0 0 700 260 414 638 148 859 188 0 938 0 598 831 803 667 0 333 346 983 593 211 591 824 257 0 0 640 589 915 967 0 883 760 513 0 642
950 82 0 0 399 0 489 0 0 0 647 0 0 779 471 982 0 0 0 0 427 535 117 0 289 0 0 0 0 942 748 0 0 0 312 0 0 0 923 0 0 964 585 0 786 0 862 0 353 786 874 715 0 0 0 0 0 0 0 0 441 982 522 0 839 561 0 580 0 640 0 88 947 797 635 670 0 474 0 0
899 67 0 0 437 0 561 0 0 0 730 0 0 691 383 931 0 0 0 0 458 484 205 0 231 0 0 1000 0 854 660 0 933 0 394 0 0 996 835 0 0 876 497 0 703 0 822 0 265 735 786 627 0 0 0 0 0 0 0 0 475 931 464 0 788 473 0 492 0 589 88 0 859 709 693 582 0 386 0 0
0 926 0 0 994 994 0 0 0 0 0 0 958 325 528 0 0 0 0 772 0 900 0 0 875 0 0 0 0 233 674 357 186 0 0 728 0 0 99 0 425 387 386 0 788 0 0 0 607 0 73 727 927 682 0 0 765 918 0 0 0 0 976 0 922 434 0 678 0 915 947 859 0 216 0 312 442 549 0 0
0 759 0 0 969 0 0 0 0 0 0 0 0 117 343 0 0 0 0 986 0 933 914 0 758 0 0 0 0 163 764 386 400 0 0 942 0 0 135 0 591 545 217 975 580 0 0 0 449 0 160 781 0 896 0 0 979 0 0 0 0 0 768 0 983 376 0 711 0 967 797 709 216 0 0 127 656 477 0 0
0 651 923 0 0 0 903 0 0 0 502 0 0 0 912 0 0 871 0 0 0 0 618 0 924 0 0 0 864 0 0 0 0 0 676 0 0 0 0 660 0 0 0 0 661 0 0 0 915 0 0 0 0 0 0 0 0 0 0 0 0 0 470 0 0 0 0 0 704 0 635 693 0 0 0 0 0 0 999 0
0 632 0 0 870 0 0 0 0 0 0 0 0 180 216 0 0 0 0 0 964 849 787 0 659 0 0 0 0 290 680 513 489 0 976 0 0 0 253 0 679 554 95 0 549 0 0 0 327 988 249 697 0 985 0 0 0 0 0 0 931 0 678 0 899 292 0 627 0 883 670 582 312 127 0 0 745 393 0 0
872 0 0 0 943 565 0 814 633 980 0 0 604 767 892 821 688 0 0 330 0 816 0 0 946 0 871 986 0 675 538 767 256 0 0 302 0 863 541 0 85 211 746 0 0 0 0 0 858 809 496 596 504 259 0 0 323 476 0 0 0 836 0 721 682 614 0 649 0 760 0 0 442 656 0 745 0 710 0 0
769 453 0 0 515 938 936 935 0 0 0 985 720 567 294 732 0 0 0 996 626 479 582 0 339 0 1000 880 0 640 345 863 575 0 768 982 0 801 586 0 625 499 298 0 726 0 746 927 157 647 489 356 0 961 0 0 934 999 0 0 593 747 639 951 558 115 0 257 0 513 474 386 549 477 0 393 710 0 0 0
0 0 148 0 0 0 0 0 0 0 0 0 0 0 0 0 0 153 565 0 0 0 0 0 0 0 0 0 280 0 0 0 0 145 0 0 0 0 0 690 0 0 0 0 0 0 0 0 0 0 0 0 0 0 30 0 0 0 0 848 0 0 0 0 0 0 0 0 295 0 0 0 0 0 999 0 0 0 0 0
332 0 0 276 925 530 0 240 605 147 0 93 597 0 0 346 0 0 0 943 0 766 0 211 998 192 248 248 0 0 770 0 0 0 0 0 154 303 0 0 0 0 0 0 0 111 784 349 0 500 0 722 0 0 0 140 838 691 42 0 973 331 0 333 520 0 229 843 0 642 0 0 0 0 0 0 0 0 0 0
4 3
