20
0 966 0 604 595 494 0 250 637 345 0 239 353 0 0 85 0 0 0 899
966 0 0 0 481 0 550 0 0 0 663 0 0 724 416 998 0 0 0 0
0 0 0 0 0 0 0 0 0 0 0 0 0 0 0 0 0 117 505 0
604 0 0 0 0 729 0 466 765 299 0 369 843 0 0 605 0 0 0 0
595 481 0 0 0 927 686 826 0 934 888 832 724 0 748 627 0 0 0 0
494 0 0 729 927 0 0 290 214 430 0 491 240 0 0 416 760 0 0 413
0 550 0 0 686 0 0 0 0 0 428 0 0 0 944 0 0 0 0 0
250 0 0 466 826 290 0 0 390 168 0 201 378 0 0 203 0 0 0 703
637 0 0 765 0 214 0 390 0 466 0 567 452 0 0 589 718 0 0 386
345 0 0 299 934 430 0 168 466 0 0 172 544 0 0 327 0 0 0 828
0 663 0 0 888 0 428 0 0 0 0 0 0 0 0 0 0 0 0 0
239 0 0 369 832 491 0 201 567 172 0 0 504 0 0 255 0 0 0 904
353 0 0 843 724 240 0 378 452 544 0 504 0 0 0 269 965 0 0 605
0 724 0 0 0 0 0 0 0 0 0 0 0 0 308 0 0 0 0 0
0 416 0 0 748 0 944 0 0 0 0 0 0 308 0 0 0 0 0 0
85 998 0 605 627 416 0 203 589 327 0 255 269 0 0 0 0 0 0 820
0 0 0 0 0 760 0 0 718 0 0 0 965 0 0 0 0 0 0 360
0 0 117 0 0 0 0 0 0 0 0 0 0 0 0 0 0 0 622 0
0 0 505 0 0 0 0 0 0 0 0 0 0 0 0 0 0 622 0 0
899 0 0 0 0 413 0 703 386 828 0 904 605 0 0 820 360 0 0 0
3 4
